9.151887337169546666e-03,3.913833778087171672e-02,1.162364665579716794e-02,1.184154550432235664e-01,1.053591650162262194e-01,2.186879388594082652e-01,7.226011619914930739e-02,8.105986434159809240e-02,3.443035887665561456e-01
4.917564852027767920e-03,2.943954755815369681e-02,5.439730239922055573e-03,1.339026915113871730e-01,1.334589270490804946e-01,2.840046888320545415e-01,7.217414139568871512e-02,9.082899464133480094e-02,2.458337139203507493e-01
3.726959228515625000e-02,5.599212646484375000e-02,2.481842041015625000e-02,4.132080078125000000e-02,6.373977661132812500e-02,6.165695190429687500e-02,3.577423095703125000e-02,5.228424072265625000e-02,6.271438598632812500e-01
4.125429530729481098e-02,6.378957584660178981e-02,4.544976129895338807e-02,9.938078718883613938e-02,1.136857999108149969e-01,1.295599113396112556e-01,8.827987697715289350e-02,8.855038297090994659e-02,3.300496091598247861e-01
2.715795487003713066e-02,6.101113967437874624e-02,4.450157097972008008e-02,1.249357326478149066e-01,2.115281348186232591e-01,1.789031705227077940e-01,1.003541845187089360e-01,6.888317623536133194e-02,1.827249357326478085e-01
1.239608918849465988e-02,3.822364056869318599e-02,2.542117121155075890e-02,1.250037351118441775e-01,2.015048018597868917e-01,2.513386640849573639e-01,8.059773741864927066e-02,6.474144061769786240e-02,2.007727199383258221e-01
5.781420323791836664e-04,9.181234607775848669e-03,7.682990835318341842e-04,1.151063829787234011e-01,1.342056603011829441e-01,3.272647260688764104e-01,3.795308651943962025e-02,8.687674108764988079e-02,2.880657273204408897e-01
2.394692347276336161e-02,5.745056237594647897e-02,4.253350976500281516e-02,1.290401627092062908e-01,2.321179151657722650e-01,1.925984464211325797e-01,9.422553848415790578e-02,6.683574701658948070e-02,1.612511945894287979e-01
2.561771703983893589e-02,5.920322127997071360e-02,4.259654688548594054e-02,1.287596851930937758e-01,2.188945152827771468e-01,1.941248245988652366e-01,9.756573729485693014e-02,6.807394301750960275e-02,1.651638094076017249e-01
2.259361090904607461e-02,5.457605385478442317e-02,4.191993292810731325e-02,1.314991307778613505e-01,2.337960965144808834e-01,2.005683849729369972e-01,9.801866669954505118e-02,6.375528622683615532e-02,1.532728371164018000e-01
1.256275177001953125e-02,3.565788269042968750e-02,2.180290222167968750e-02,9.335803985595703125e-02,1.635007858276367188e-01,1.803455352783203125e-01,6.635475158691406250e-02,4.315185546875000000e-02,3.832654953002929688e-01
9.128041559000861158e-03,3.472895133505598392e-02,2.324572028423772460e-02,1.077364610249784693e-01,2.088817560292851039e-01,2.798267926356589053e-01,8.464551033591731499e-02,5.459329242032730234e-02,1.972134743755383224e-01
3.998671921239154922e-03,2.644164837227069159e-02,5.945262278898760626e-03,1.151467974905677899e-01,1.211679394088124723e-01,3.030617989692954151e-01,6.495186084636520030e-02,7.251169379271237003e-02,2.867743269198381739e-01
3.292777021090487199e-02,6.964145781565821147e-02,4.865694208311935332e-02,1.289799181927117622e-01,1.410964841862988872e-01,1.593136863997244024e-01,1.115364154429420579e-01,7.696590725034015146e-02,2.308814184183002882e-01
1.575565338134765625e-02,4.767608642578125000e-02,2.221965789794921875e-02,1.147947311401367188e-01,1.554422378540039062e-01,2.258577346801757812e-01,8.602428436279296875e-02,7.135868072509765625e-02,2.608709335327148438e-01
1.098319502714708781e-02,3.915022673988154123e-02,2.072182718410661359e-02,1.126006447433366281e-01,1.656897828232971326e-01,2.297437993583415494e-01,8.297696353652517232e-02,6.403859205330700299e-02,2.740949685340572373e-01
5.374734243311934251e-02,1.300467801023552916e-01,5.019988019307612681e-02,8.443618030595780033e-02,8.221793433472530943e-02,1.020012257702615638e-01,8.544077521312475054e-02,1.256847346588272907e-01,2.862251469885525590e-01
2.265844680861373028e-02,5.423555804642163358e-02,3.782679830929773501e-02,1.432073920578340320e-01,1.120566711513023422e-01,1.987310042299859081e-01,1.239770266057876047e-01,6.497364940055010141e-02,2.423334533902068988e-01
2.464438768421840266e-03,1.804832693890201165e-02,4.845518376420044487e-03,1.047504034369623055e-01,1.898301824283164518e-01,2.931527930662277681e-01,5.963172350407711791e-02,6.612305094527150262e-02,2.611535625354009515e-01
2.762270593256508852e-03,1.897737942808365441e-02,4.000000000000000083e-03,9.832180964575330806e-02,1.481877934272300412e-01,2.804865556978233254e-01,5.617755014938113217e-02,6.726077678190353626e-02,3.238258642765685091e-01
6.743336420705979550e-02,8.031028095091077845e-02,6.447463208809303681e-02,9.672481218483071352e-02,1.520273747041267776e-01,1.156092415354533359e-01,8.386075949367088889e-02,8.625347329422661247e-02,2.533060615416280470e-01
6.405515226224718639e-02,8.213486736976670366e-02,5.524357393964297175e-02,9.369721042779527442e-02,1.540085832990914505e-01,1.132150846915947612e-01,8.239738848559557960e-02,8.679176368533990382e-02,2.684563758389261756e-01
6.814577865266841297e-03,2.628431211723534708e-02,1.679379921259842659e-02,9.662415244969378703e-02,1.616018700787401619e-01,2.811987368766404316e-01,7.125574146981626666e-02,5.098630249343832216e-02,2.884405074365704036e-01
5.958508403361344880e-02,7.509978991596638620e-02,5.977415966386554619e-02,1.037552521008403422e-01,1.660241596638655504e-01,1.249894957983193333e-01,8.512079831932772844e-02,8.193277310924369783e-02,2.437184873949579944e-01
2.549544492897543382e-02,4.156772160096714602e-02,4.027244074090065296e-02,1.335218686585207815e-01,2.578148611890678232e-01,2.068833383705366846e-01,7.956802383316782801e-02,5.958291956305859088e-02,1.552933811148050625e-01
1.167344616353114921e-02,4.133979806784339461e-02,3.006938895749093968e-02,1.504029361678086985e-01,2.282299460061499585e-01,2.418247540414679153e-01,9.424156396536000069e-02,5.381326521553150138e-02,1.484049014148164369e-01
1.320861678004535064e-02,4.519954648526076924e-02,2.463038548752834525e-02,1.303174603174603041e-01,2.189931972789115611e-01,2.238390022675736946e-01,9.004081632653061773e-02,6.704988662131519672e-02,1.867210884353741607e-01
8.621513639578673796e-03,4.273527556345701334e-02,1.230190590889105456e-02,1.282306780600638574e-01,1.032172965533061926e-01,2.347986083232972143e-01,7.893129552101851854e-02,8.963028808472404962e-02,3.015331383456634207e-01
1.660622653664171194e-02,5.821319353429445231e-02,3.154317628155289821e-02,1.333491606874440127e-01,1.268682756884436380e-01,2.045491147788613129e-01,1.014190935276303024e-01,7.796036312207980934e-02,2.494913958430518830e-01
4.157641264791126640e-02,7.017476955261608973e-02,5.715313037982958783e-02,1.231558761358931275e-01,1.699721066050687568e-01,1.485693739240340761e-01,9.846041535008390189e-02,7.217306979886246865e-02,2.187648456057007251e-01
3.449180015255530474e-02,6.547648658508274655e-02,4.886329718435976355e-02,1.228785278413424831e-01,1.660002736046164440e-01,1.598058236328060155e-01,9.974339203396014042e-02,7.118072828574270594e-02,2.315596706795343684e-01
2.343641417651146780e-02,5.511543510153656122e-02,4.359701953517102629e-02,1.422453864566442794e-01,1.856655856690603013e-01,1.883418268859547440e-01,1.040587599413172748e-01,6.417226468998532551e-02,1.933673075438190059e-01
8.717814274383828971e-03,2.839677835778546891e-02,2.224087981230316730e-02,1.017963276995523247e-01,1.935009640369420303e-01,2.326199570580446407e-01,7.275243332216090042e-02,4.554701214918845109e-02,2.944278332896391737e-01
3.575882370000869892e-02,6.671736554860593915e-02,5.081703611328622361e-02,1.253583562391311634e-01,1.676758107256062780e-01,1.588872884368954796e-01,1.000830301604641037e-01,7.259070212580841230e-02,2.221115869501937290e-01
2.150725041829336381e-02,5.348577802565532974e-02,4.408812046848856886e-02,1.305772448410485176e-01,2.454196876742889000e-01,2.095719464584495373e-01,9.182933630786391244e-02,6.058282208588956774e-02,1.429378137200223164e-01
4.946976744186046271e-02,7.666046511627906679e-02,1.046511627906976730e-02,6.303720930232557806e-02,4.033488372093023411e-02,1.098558139534883682e-01,4.441860465116279078e-02,9.690697674418605190e-02,5.088511627906976420e-01
1.781492661205407932e-02,6.031227234099765383e-02,3.189655613353997721e-02,1.418515522644786531e-01,1.434883953734941153e-01,2.125148606297618814e-01,1.176627216124523090e-01,6.548855758909619129e-02,2.089701574441251153e-01
1.560904120399075543e-02,5.989778855006294006e-02,2.723409052477312325e-02,1.340281457264716480e-01,1.274464047498262143e-01,2.116656332788456052e-01,1.107772955301279533e-01,7.951261672585160922e-02,2.338289837100501756e-01
1.488147722190275371e-02,5.755031627372052955e-02,2.339339339339339269e-02,1.263491150725193357e-01,1.225602197942623484e-01,2.220235128745766950e-01,9.931314293016420269e-02,8.265286563158903699e-02,2.512759568078716810e-01
5.091193912946178658e-03,2.510163738763940278e-02,1.175823356085188912e-02,1.015627913915930075e-01,1.858752004774159861e-01,2.783465741673193938e-01,6.716459662078996806e-02,6.196150833613069120e-02,2.631382641453134941e-01
8.932872093532426283e-03,3.205661527682809181e-02,2.088042010098322201e-02,1.102529296250012586e-01,1.793075339951024083e-01,2.680804766893132296e-01,8.047332096025006098e-02,5.676011600607650670e-02,2.432557152529127853e-01
7.489283527250459663e-03,3.171157379056950554e-02,1.772198407838334461e-02,1.033894672382118796e-01,1.724617268830373473e-01,2.620085731781996441e-01,7.735150030618494210e-02,5.516227801592161334e-02,2.727036129822412724e-01
8.593173084168487241e-03,3.214829327104212070e-02,2.020043704317685263e-02,1.039650365458518605e-01,1.878501996835204579e-01,2.353281591439981835e-01,7.662120412930449598e-02,5.205937759023434447e-02,2.832341195087031971e-01
3.418106465467479847e-03,2.273829930571082472e-02,4.289438650176750564e-03,1.002813836682025506e-01,9.111029275300051855e-02,2.994734011693752640e-01,5.055261092771121123e-02,7.006862517298775850e-02,3.580678418873676216e-01
2.490324936108068501e-02,6.023320554947061284e-02,2.564987221613727539e-02,1.060179353778751415e-01,1.010978002920774055e-01,1.614152062796641030e-01,9.051980649872215512e-02,8.758032128514056658e-02,3.425826031398320759e-01
8.372474057891862720e-03,4.283004816046869639e-02,1.590089866441586966e-02,1.279099846085099967e-01,1.345181470632044185e-01,2.536947023484434904e-01,9.426518047763268737e-02,7.882404051437366665e-02,2.436845241050593358e-01
1.517170652820078007e-02,5.833711334687564226e-02,2.635819877893823271e-02,1.237064605831457442e-01,1.293032284602619597e-01,2.162341485953845344e-01,1.035930320028624757e-01,8.205258961449496402e-02,2.452435220898356583e-01
1.341259498604590282e-02,5.152751248133007056e-02,2.419652367436075924e-02,1.181337808165378311e-01,1.250602495670957159e-01,2.232060505441800513e-01,9.631153637883738128e-02,7.711349530797198537e-02,2.710382562436403076e-01
1.082016593563388425e-02,3.992936285648857747e-02,2.244329358159089308e-02,1.128579565138250335e-01,1.502448519438426000e-01,2.148898753427633534e-01,8.243935950959149772e-02,6.303176029170849681e-02,3.033433740245556343e-01
9.734648818606372184e-03,4.222586350395338833e-02,2.157314930411060108e-02,1.270431636380450480e-01,1.793244555416839969e-01,2.389099852036805915e-01,9.366185786285662063e-02,6.825091321033892322e-02,2.192759629167244650e-01
1.566012396694214936e-02,5.305413223140496154e-02,3.182954545454545758e-02,1.354237603305785131e-01,1.789409090909090949e-01,2.156847107438016609e-01,1.023609504132231424e-01,6.436074380165289488e-02,2.026851239669421600e-01
1.798053427210602462e-02,5.604576516877200071e-02,3.179457444605508082e-02,1.233789604472975837e-01,1.561946572789397469e-01,1.926324290743425260e-01,9.855021743632222386e-02,6.530358252226134419e-02,2.581192793539034969e-01
1.242458152827584893e-03,1.060752110363030395e-02,1.753044745728492238e-03,9.083855615098343494e-02,3.841248502710202517e-02,2.586673536041442789e-01,4.271415398971563360e-02,6.523813217021769140e-02,4.905262950556505408e-01
4.362379280070237397e-03,3.007558179309715793e-02,1.086835684070100276e-02,1.399553036954266083e-01,1.250605737546036100e-01,2.858087095082266216e-01,8.852141602909820162e-02,8.737158364024036339e-02,2.279760954585361987e-01
4.862222222222222640e-03,2.408370370370370439e-02,9.705185185185184749e-03,1.095133333333333375e-01,1.299585185185185288e-01,2.569059259259259265e-01,6.525037037037037524e-02,6.616740740740741089e-02,3.335533333333333128e-01
9.099858707350787917e-03,3.249220850102271102e-02,2.633552158410993119e-02,1.207924630318240045e-01,2.475426810917790155e-01,2.754339520625156412e-01,8.822884308354629612e-02,4.911577325845332964e-02,1.509586986793983177e-01
4.425989242027772788e-03,2.160905127741483828e-02,9.563041408091521936e-03,8.338992239060936951e-02,1.068564368270201043e-01,1.691136266330092175e-01,5.193958769134979919e-02,4.593437730407933656e-02,5.071679672263980088e-01
2.860183294965903782e-03,1.563979498762107373e-02,5.273711795450925985e-03,6.801785171350388515e-02,7.861486339747209007e-02,1.683790846834325172e-01,4.014825753956188792e-02,4.180710593754072280e-02,5.792591466504509734e-01
5.709631651851154385e-03,3.243386812625236731e-02,5.573467905700722237e-03,1.271979518282924659e-01,1.015436934332091673e-01,2.625627866162804636e-01,6.450589370486424501e-02,9.467372812974891860e-02,3.057989786038005087e-01
1.137566137566137572e-02,3.861188920012449677e-02,2.882819794584500633e-02,1.195720510426392796e-01,2.285465297230003245e-01,2.310582010582010459e-01,8.389200124494242128e-02,4.899782135076252709e-02,2.091176470588235192e-01
1.709004790290403943e-03,1.447166441686277734e-02,4.528974686719785918e-03,1.371033974029697289e-01,1.430815543954796765e-01,3.501503685298228419e-01,8.995308262952300682e-02,4.198372973683267562e-02,2.170182234114990949e-01
1.232953382021705069e-02,4.409118831479080097e-02,2.120128318886082761e-02,1.274848133233226488e-01,1.412319978158487477e-01,2.290075762746570098e-01,8.766227561258617407e-02,7.363661183536959753e-02,2.633547198143471602e-01
6.618055952941659381e-02,9.752588634219418184e-02,5.111351254590726367e-02,8.886604835834298333e-02,8.758181874204921946e-02,1.043751109624275752e-01,8.763060552838657091e-02,9.817332001050566026e-02,3.185531379807699515e-01
1.140499114990234375e-02,3.901863098144531250e-02,1.898765563964843750e-02,1.095333099365234375e-01,1.609821319580078125e-01,2.432098388671875000e-01,8.114242553710937500e-02,6.101417541503906250e-02,2.747068405151367188e-01
2.307070412064570961e-02,6.798713625743416089e-02,2.025747398045879208e-02,1.087369238530161430e-01,7.511118043755310447e-02,1.653165489592183512e-01,8.981062818606627696e-02,9.494981945624468567e-02,3.547595847493628107e-01
1.776771653543307225e-02,5.339763779527559318e-02,3.892519685039370209e-02,1.271653543307086631e-01,1.978897637795275499e-01,2.201535433070866132e-01,1.037047244094488202e-01,6.654724409448818656e-02,1.744488188976378029e-01
2.386238882926889487e-02,5.625454859440723321e-02,4.528241374631486460e-02,1.297104935302026696e-01,2.368969643143495063e-01,1.928233973528722389e-01,9.411118923386251056e-02,6.369882445817760808e-02,1.573597799405444808e-01
1.677297424994093900e-02,3.995590203953067188e-02,2.626978502244271124e-02,1.052523820773289265e-01,2.332467123395542963e-01,2.461453657768328251e-01,7.225765808331365003e-02,4.998818804630286022e-02,2.101110323647531197e-01
1.807629048582995793e-02,4.190915991902834092e-02,3.064903846153846020e-02,1.137873228744939319e-01,2.247121710526315819e-01,2.447811234817813819e-01,7.795103744939271828e-02,5.245761639676113641e-02,1.956762398785425183e-01
6.446102430925113730e-03,3.118108476308058957e-02,7.610477244667716683e-03,1.122333858401805134e-01,1.176524117672101827e-01,2.472492443271318563e-01,5.859657712120566742e-02,8.225712035420834622e-02,3.367735961513900200e-01
9.927161654135338228e-03,3.928907089151450344e-02,2.333785076530612082e-02,1.363327403329752940e-01,2.226457606068743267e-01,2.531226923335123669e-01,9.530452806122448328e-02,5.924094555585392163e-02,1.607992497986036606e-01
5.078241430700447361e-03,2.248882265275707962e-02,1.520119225037257910e-02,9.630029806259314540e-02,1.453055141579731868e-01,2.966542473919522860e-01,7.915424739195231485e-02,4.724292101341281969e-02,2.925745156482861264e-01
3.285763953814510151e-03,1.575501355646970886e-02,5.586200448765893736e-03,8.188589776551982724e-02,9.407101661836200779e-02,2.366590021970830238e-01,4.697251016735227991e-02,4.796295051888556371e-02,4.678216447737472139e-01
1.795459566513793806e-02,5.505538050299191299e-02,3.019800351288973519e-02,1.327761073358601496e-01,1.504447518962866992e-01,2.082914852378721371e-01,1.017351356348349528e-01,7.366570513975566337e-02,2.298788350743707909e-01
1.825365726227795235e-02,5.001306165099268786e-02,3.947884012539185083e-02,1.326084117032392817e-01,2.583333333333333592e-01,2.175679205851619724e-01,9.267894461859979560e-02,5.833333333333333426e-02,1.327324973876697900e-01
1.119219924829750745e-02,4.713092421998705400e-02,1.163302407718092360e-02,1.245460239599041757e-01,1.111052032790730421e-01,2.321133157380497469e-01,8.298555685904955570e-02,9.012548612344528642e-02,2.891682664950127046e-01
7.737807301351942724e-03,3.358438963560228530e-02,1.811521622768850689e-02,1.380831133128546384e-01,2.359950711977466253e-01,2.716747814985697174e-01,8.711265069980360376e-02,5.694917961722555794e-02,1.507477905091571257e-01
1.565105614230127840e-02,5.220102653648162061e-02,2.078449380090388252e-02,1.246023606109674525e-01,1.298453095922855738e-01,2.047944812335355524e-01,9.190152439761220537e-02,8.001841300722623007e-02,2.802013346786862424e-01
3.419948803730738125e-03,2.097272911597729272e-02,9.698303173154907211e-03,9.837540551500405239e-02,1.236844523012976538e-01,3.122639775952960051e-01,7.700112150243308695e-02,4.973578163017031845e-02,3.048482803629359306e-01
8.691426053998867196e-02,8.779302998305396621e-02,5.026934166882279786e-02,7.671167737739767456e-02,1.144871086620560391e-01,1.030094939733199044e-01,7.080737233950802623e-02,8.955756172947421101e-02,3.204501537263786948e-01
6.555962505431746357e-02,7.579613880439506346e-02,5.614873673101992979e-02,9.390402880377428374e-02,1.412936867589546230e-01,1.255571419703271352e-01,7.969458066919113404e-02,8.394686200260724485e-02,2.780991992054131501e-01
1.703020264399205536e-02,5.511032149950347708e-02,3.072244289970208625e-02,1.286415016757696261e-01,1.433810979394240237e-01,1.997046068147964315e-01,9.983048349056604376e-02,7.373289318520356850e-02,2.518464498510427085e-01
1.001050901350004040e-02,3.734068066072054187e-02,2.075979269399010063e-02,1.183970610690451147e-01,2.201413776687954071e-01,2.300104191928718234e-01,7.598825146183071921e-02,6.294405073069081480e-02,2.244078575085554084e-01
2.104783188754974846e-02,5.650658905782946634e-02,4.219136132580512261e-02,1.305764933039860742e-01,2.271409512336540204e-01,2.015390417860540573e-01,9.775786267964400866e-02,6.496174912605619245e-02,1.582781195994213130e-01
2.057925272210986423e-02,5.458392065534922732e-02,3.796270760556474944e-02,1.357033053461624839e-01,1.886120814692243131e-01,1.997239586525300925e-01,1.009849134849134800e-01,6.816765745337173554e-02,1.936822026107740402e-01
2.002601775329048220e-02,5.533236404448525769e-02,3.320834608713396641e-02,1.307022242628303188e-01,1.918005815733088426e-01,2.005024997449239843e-01,9.813539434751555879e-02,6.984746454443424568e-02,2.004451076420773470e-01
1.529059112229366572e-02,4.582647366404705297e-02,3.227668540780086887e-02,1.401456320732250294e-01,2.202950434359436382e-01,2.154479752327110587e-01,9.397229211319231557e-02,6.174867207156835291e-02,1.749966348792180437e-01
8.924485125858123633e-03,3.232265446224256294e-02,1.993317037653422052e-02,1.317674745163303629e-01,2.523091325150821906e-01,2.565672456833784087e-01,8.189749323902642542e-02,5.470537757437071019e-02,1.615729665071770349e-01
3.925479246345526391e-02,6.060677162767779541e-02,5.073441422839578691e-02,1.108543138037025727e-01,1.977345784743893553e-01,1.596060442525634171e-01,8.664562753701400555e-02,7.419812759567329108e-02,2.203653300171285190e-01
9.001748842996580915e-03,3.790775440963436993e-02,1.420306472527611656e-02,1.254710753666331002e-01,1.695925575608071001e-01,2.449349564236070198e-01,8.178291559436247360e-02,7.020040257750882751e-02,2.469055244991744114e-01
4.347018691211497476e-02,7.550765007468410173e-02,6.053045900448104921e-02,1.244600540955149159e-01,1.833353518226958911e-01,1.441120665294093883e-01,8.897501110169149519e-02,7.764724879899882748e-02,2.019619716604093562e-01
5.082872928176795924e-02,8.354260840448685110e-02,5.696467436798928474e-02,1.029800770132261872e-01,1.658044533735141546e-01,1.393520843797086961e-01,8.004352921479992999e-02,8.165076176125900254e-02,2.388330822032479483e-01
4.066582743603701366e-02,7.678109689711486163e-02,5.366256124115405257e-02,1.057685764833968395e-01,1.762469379422972326e-01,1.297802123026673971e-01,7.622822536744693067e-02,7.468869080021774132e-02,2.661778715296679310e-01
1.092819796429544132e-01,9.820470114846940879e-02,5.756995683988949675e-02,6.334930697390174503e-02,7.030131204599676664e-02,7.067592074775254363e-02,6.960092347530062729e-02,1.011145944040631739e-01,3.599013047216718109e-01
3.897590243572707919e-02,7.414674842085977602e-02,5.637979767793899893e-02,1.277496429035190340e-01,1.629231571064423123e-01,1.511625424913683180e-01,1.010712005023364640e-01,7.278560158527712376e-02,2.148054068765308799e-01
6.131116406154419468e-02,7.299780365746377786e-02,6.069362478080268797e-02,9.947043093755279786e-02,1.599834546079499376e-01,1.227504966530536118e-01,8.110155025662835193e-02,7.887607850905044293e-02,2.628153965359542044e-01
5.150773870976933788e-02,8.571489633131892938e-02,4.013092568602823901e-02,7.638427664270855399e-02,6.955742164296063734e-02,9.113670588080567680e-02,7.960645575641202287e-02,8.466604415042973397e-02,4.212955351995668618e-01
2.087791917094904137e-02,5.382551826364059822e-02,3.966057095502330265e-02,1.298467742279975634e-01,2.210261470574415021e-01,2.147766543214622847e-01,9.585260936612287341e-02,6.028218830494790764e-02,1.638516183324149056e-01
1.659571448843479360e-02,5.337428287619858797e-02,2.993979200875752575e-02,1.268929027549717259e-01,1.769364876644570206e-01,2.076476312108496147e-01,9.758458513247784960e-02,6.980883455979242092e-02,2.212197693040604818e-01
1.031246746679754245e-01,8.383051502848049008e-02,4.111125983432234454e-02,3.850443938785526321e-02,3.856630824372760113e-02,4.333794375288151091e-02,4.786269873139100545e-02,8.560389059920581190e-02,5.180582697541605830e-01
1.016499353054031163e-01,7.933728937075208709e-02,3.373815791430568450e-02,3.310697660583887536e-02,3.330924017311381879e-02,3.684290367197608218e-02,3.915168280313508636e-02,7.858891417183479222e-02,5.642748999836404433e-01
2.873690010306817477e-02,8.035583975670933243e-02,4.016038358104767614e-02,1.212561419467100277e-01,1.237474275383224631e-01,1.705716040960265079e-01,1.109006755434272240e-01,8.791115546097268141e-02,2.363598719737159126e-01
8.062363883772804413e-03,3.693465432656033165e-02,2.240996148384397091e-02,1.437605639371484778e-01,2.250379725148183296e-01,2.522502627599181313e-01,9.205871984026832433e-02,5.822323225999887636e-02,1.612622689936706877e-01
2.163378906249999872e-02,6.553789062499999762e-02,2.568828125000000018e-02,1.159359375000000025e-01,1.156019531250000038e-01,1.853144531250000004e-01,1.018015624999999980e-01,7.978613281249999356e-02,2.887000000000000122e-01
1.042119261102552978e-02,3.293241695303551070e-02,2.230056220457926966e-02,1.042283840897420683e-01,2.108629247804505447e-01,2.581170754828771008e-01,7.163500151413411399e-02,4.959776698134323730e-02,2.399046753828125988e-01
2.269140625000000064e-02,6.857460937499999798e-02,2.584589843750000060e-02,1.176197265624999988e-01,1.134203124999999951e-01,1.870656250000000131e-01,1.041398437500000024e-01,8.346230468750000242e-02,2.771802734375000132e-01
2.159350565889535389e-02,6.114998750401656746e-02,3.252919754784701356e-02,1.262583927855122079e-01,1.399334877654871412e-01,1.880740014239120628e-01,1.033033237215768840e-01,7.207964141777957467e-02,2.550784621749731529e-01
1.483299250170415882e-02,4.484702674525842953e-02,2.479810738201210923e-02,1.265936886001844397e-01,2.026352299611050845e-01,2.242800433056658382e-01,9.558041621556598311e-02,6.594971731023697992e-02,2.004827779782669683e-01
1.184863457209358456e-02,3.424382237287514064e-02,2.440179907295476208e-02,1.175571609124961558e-01,2.050044548909812636e-01,2.542863998214986987e-01,7.275455919503252822e-02,6.071489156199328524e-02,2.191882776000745880e-01
2.068288219639898701e-02,3.933954476444475462e-02,3.104182180812681616e-02,9.884621656881931173e-02,1.665411103221746958e-01,1.530483132154547010e-01,6.935815452378066293e-02,5.301472328536215028e-02,3.681272333154379517e-01
1.961421009184374439e-02,4.123118819597180323e-02,2.808782016867845607e-02,1.219199008249196164e-01,1.878353581097852998e-01,2.241860846047717126e-01,8.529605320125382972e-02,7.083488474793481204e-02,2.209945000548406979e-01
3.247823827087827769e-02,5.072939836757422993e-02,4.615940173289374143e-02,1.231905821108910809e-01,1.830847778956161132e-01,1.753952686199821420e-01,8.862142121956854968e-02,7.144555444867976834e-02,2.288953573339161107e-01
5.180082508845751388e-02,8.254129305061264077e-02,4.940822307260469420e-02,1.026220507722972186e-01,1.107596273195955994e-01,1.342537893809776506e-01,9.658814076977353946e-02,8.896328304860399994e-02,2.830627674970771501e-01
5.042230719643694264e-02,7.259190889201437569e-02,5.541271097046413657e-02,1.032412290982966108e-01,1.256605035943116067e-01,1.241356071261134619e-01,8.908679578840443536e-02,7.700910298484138494e-02,3.024398343491170316e-01
5.289628268807693157e-02,8.253263542608306469e-02,5.141436379954444913e-02,1.024885221149764991e-01,1.151093355624892706e-01,1.309062102081085532e-01,9.524012027073876230e-02,8.692371621030531292e-02,2.824888137196771565e-01
4.286909453779395168e-02,7.252534212285847992e-02,4.489612837544981055e-02,1.056674965644918002e-01,1.189028549157166575e-01,1.426567482116877783e-01,9.050220578106152325e-02,8.152553363774120432e-02,3.004545958531987804e-01
5.867448186082939443e-02,8.257251831644789319e-02,5.352054167471470558e-02,9.399367358224475222e-02,1.051065780456634513e-01,1.132441346354835093e-01,9.008133587695368871e-02,8.444120612056442432e-02,3.183655298870982087e-01
5.177227246666296634e-02,8.027474153396585432e-02,5.083874308753629639e-02,1.042718563317242830e-01,1.223450590911612929e-01,1.373957350792505971e-01,9.419075625589524992e-02,8.568819471416153077e-02,2.732226414396419223e-01
5.323592151295747366e-02,7.909661989723835995e-02,5.281471786513797922e-02,9.782247509510989814e-02,1.117726796312998733e-01,1.207490643477107661e-01,9.105345368153840158e-02,8.204429193707714341e-02,3.114107760319301255e-01
4.702180699521125301e-02,6.954200006061708739e-02,4.619211068679153487e-02,8.357485451900345530e-02,9.678511623325453117e-02,1.031361762744741478e-01,7.864308662181002108e-02,7.125727404982723501e-02,4.038475745590107135e-01
5.534768783367970818e-02,7.729160393916473248e-02,5.227755909848646326e-02,8.890246454825183331e-02,1.036821349626572408e-01,1.059476687400400935e-01,8.419055819521042983e-02,7.852764171519632797e-02,3.538326809673131845e-01
4.530106074277628209e-02,7.427186083711009856e-02,4.878731056333695387e-02,1.040485357750753626e-01,1.240563413858868369e-01,1.380654261427721741e-01,9.276724924635482150e-02,7.872355833316244111e-02,2.939786569735249877e-01
6.492949798283595420e-02,8.213749326444275134e-02,6.234227968199252540e-02,9.471817664166071182e-02,1.102886194241369244e-01,1.069861263444044919e-01,8.742657764903256912e-02,8.376549178166475818e-02,3.074057372298293345e-01
7.183908045977011048e-02,8.622255241868911901e-02,6.266189589702424179e-02,8.857093246343643311e-02,1.002651534559614727e-01,9.878852054903701496e-02,8.549811275640040176e-02,8.785716725589656773e-02,3.182965847437846385e-01
5.106770244842160494e-02,8.033722571883089580e-02,4.932278533408212401e-02,1.044091949496689653e-01,1.157045896438232274e-01,1.384424901720808787e-01,9.462714317997229785e-02,8.757811433723913797e-02,2.785107542158808402e-01
6.163348217553620001e-02,8.185467144913745330e-02,6.129309713783764185e-02,9.872264109508820107e-02,1.193275260473855015e-01,1.143266720347461129e-01,9.031976673254764332e-02,8.338457409169655610e-02,2.891375692360246830e-01
5.422801922521696544e-02,7.675735806117423010e-02,5.327588695844160532e-02,9.625855539138261641e-02,1.101153173349637415e-01,1.165150897573071082e-01,8.938091234863537737e-02,7.953011158098537148e-02,3.239387493418929842e-01
4.618760186700374831e-02,6.590448100496801298e-02,4.994177861829963982e-02,9.326853040413640716e-02,1.125971309025702305e-01,1.145487312148262826e-01,8.038061922073171106e-02,6.984075268079657783e-02,3.673303740866674105e-01
5.555162265090882873e-02,7.139926192489462475e-02,5.473095654795849530e-02,8.728360830891654376e-02,1.065135455790874319e-01,1.020968936608131900e-01,7.884621687347190266e-02,7.336047037539575322e-02,3.702174240785532366e-01
4.874524578399713065e-02,7.844384642985288703e-02,4.789845712235378528e-02,1.051288123430211691e-01,1.155044851094366720e-01,1.401937567276641539e-01,9.385719411553641867e-02,8.666236096160746805e-02,2.835658414065302946e-01
5.459528959668829423e-02,7.764626927809976931e-02,5.745179079641880154e-02,1.003544688155435655e-01,1.220001812400761249e-01,1.204799972682655262e-01,9.105606491021392412e-02,8.106093737892702822e-02,2.953550007157669799e-01
5.360044234613585423e-02,8.176555654799880224e-02,5.272936072476713115e-02,1.023406065246054986e-01,1.138156607545404292e-01,1.298826081408702426e-01,9.359363702096891446e-02,8.650589085959763114e-02,2.857662370805155172e-01
5.472595568312318276e-02,7.524687666086916915e-02,5.448085302964257581e-02,9.018763929578423044e-02,1.044807082127128944e-01,1.057188929614627654e-01,8.469364702611194284e-02,7.744628378035905980e-02,3.530191433499341724e-01
5.843587855115399410e-02,8.688607343534066052e-02,5.306311599539891011e-02,9.800564377984292974e-02,1.086824835941443690e-01,1.247730488824157352e-01,9.578206072442299601e-02,9.022930958863299711e-02,2.841423854486473943e-01
8.234147242043900194e-02,8.945839498955224234e-02,6.880344510242158984e-02,9.124584257593855441e-02,1.034775506093825598e-01,9.845996984556340537e-02,8.527649492437613943e-02,9.092415795554038838e-02,2.900126715767861185e-01
6.331792593715171447e-02,8.534963423220334744e-02,5.820120228206270008e-02,9.302018116319527019e-02,1.042122495114150560e-01,1.095369572286893356e-01,9.137959340891797788e-02,8.778545516542428373e-02,3.071968010709403285e-01
6.579581577585569274e-02,8.514785244326163183e-02,5.937938936940932722e-02,9.300214386042729431e-02,1.049164633695571780e-01,1.077090263916611196e-01,8.909329489169807992e-02,8.651918385451319582e-02,3.084368300436164945e-01
4.870251696367343397e-02,7.040779358568896584e-02,5.401111626608799676e-02,9.927422649161105062e-02,1.232299277830867928e-01,1.216532442159002914e-01,8.626427656471519212e-02,7.446826208066778530e-02,3.219886360485685328e-01
5.923473689431136419e-02,8.376543669096860045e-02,5.659748053365074721e-02,9.961749243664137776e-02,1.166257501363884286e-01,1.197750830729554100e-01,9.238828547339185404e-02,8.578026583345732536e-02,2.862154689282349063e-01
5.823898331872584544e-02,7.133274184973921461e-02,5.344949280880472581e-02,8.094225491745571377e-02,9.221396859150275682e-02,9.146458641647149668e-02,7.475682121869567376e-02,7.343047313898187767e-02,4.041706777396226746e-01
6.651426491508846683e-02,7.615294634124655793e-02,5.711036832044100869e-02,7.816042611363030468e-02,8.844372388192406342e-02,8.522550457899884246e-02,7.362796745798880216e-02,7.734632012981239313e-02,3.974184782608695676e-01
6.267651318990442866e-02,8.012929853308800587e-02,5.996834646638070365e-02,9.578898949169793731e-02,1.148132665216345799e-01,1.117038381307637607e-01,8.736738791237676216e-02,8.244039796209405579e-02,3.051119617920597937e-01
7.090161649944258515e-02,8.660883500557413350e-02,6.035883500557413794e-02,8.805114269788183456e-02,1.006410256410256443e-01,1.013761148272017826e-01,8.565217391304347228e-02,8.780030657748048861e-02,3.186099498327759072e-01
6.531202744191831611e-02,8.776969678455025237e-02,5.460780270447786189e-02,9.321618438920856176e-02,1.051114646091046850e-01,1.155702046287871015e-01,8.967829500498607220e-02,9.040674817486658854e-02,2.983275762621006022e-01
6.107854537975334480e-02,7.846904145999952784e-02,5.721258434788111663e-02,9.110362231134948308e-02,1.065053674126460459e-01,1.062304704495653090e-01,8.458559777234575527e-02,8.056379587219467120e-02,3.342509749942647601e-01
6.059340461189249155e-02,8.209453248195054675e-02,5.794785987540394812e-02,1.004449606482954727e-01,1.165679338410516436e-01,1.214952940594129366e-01,9.018143151106303157e-02,8.426585912584766414e-02,2.864087238450822581e-01
6.911874147269193858e-02,8.238180634224996635e-02,5.765907305577376574e-02,8.212624550378302968e-02,9.123883697854219543e-02,9.247400463058667863e-02,8.075980898829950017e-02,8.406452846570472426e-02,3.601769545623682012e-01
6.529344668413267216e-02,7.784223564846994015e-02,5.889518615551872505e-02,8.467090841041544080e-02,9.741663547737439144e-02,9.466930438967011141e-02,7.943467179953304924e-02,7.967616603396959762e-02,3.621014454009160999e-01
6.066571939413321207e-02,7.936738669069977326e-02,5.973358868505974223e-02,9.735178576620054369e-02,1.179258910660813398e-01,1.124616609006599405e-01,8.862055557170683828e-02,8.188441215803703155e-02,3.019889997674215509e-01
8.359678449694815661e-02,8.764530613957782768e-02,6.593506511673451198e-02,8.244272851474160335e-02,8.993010384172413219e-02,8.725246082038226603e-02,7.855624099486620271e-02,8.911293894927282966e-02,3.355283711257524559e-01
6.873446003512249936e-02,8.583059482204023760e-02,5.963506801360851650e-02,8.694048881702108600e-02,9.879360608326233362e-02,1.005736384237766595e-01,8.499165406082102858e-02,8.678979824851193459e-02,3.277106914958357042e-01
6.641209019088177568e-02,8.133060885926135519e-02,5.949098192338428404e-02,8.902353905135701462e-02,1.029294840021445084e-01,1.017181383210091355e-01,8.440575781178874526e-02,8.332540942978240717e-02,3.313639904103907741e-01
6.458875941761214878e-02,7.741000624929647578e-02,5.494165059057792150e-02,8.118699758179397097e-02,9.338064620054419007e-02,9.327487394664420173e-02,7.754610311727329341e-02,7.925204460677952312e-02,3.784189182894782677e-01
6.412441137445690220e-02,7.935821387378480529e-02,5.884575192306024799e-02,8.866511000685103894e-02,1.034219415320307700e-01,1.008918273191629633e-01,8.281354337400595456e-02,8.076202617269817585e-02,3.411171744239491210e-01
5.966045749838287671e-02,7.690316647338328593e-02,5.626787630249378835e-02,9.231112936297461435e-02,1.102105680217711353e-01,1.086491178855087530e-01,8.456437011308765017e-02,7.942500845916032615e-02,3.320083058832375422e-01
5.606389159100735181e-02,7.267629071191814005e-02,5.299473537253206190e-02,8.903255152039198095e-02,1.119605896022481673e-01,1.104986309266464961e-01,8.011499765816400276e-02,7.569196750252198125e-02,3.509663451145698110e-01
5.599245045611827426e-02,7.171781756180732603e-02,5.180566762859526581e-02,8.203119657535183629e-02,9.547768188884482587e-02,9.762663493669962445e-02,7.653030986865799745e-02,7.450501707309289956e-02,3.943132240108319642e-01
4.893365393608259395e-02,7.019043079234535409e-02,5.077551069664724970e-02,9.039881252281579960e-02,1.107821781879508444e-01,1.094030483408204302e-01,8.204747796861754094e-02,7.285177050555272094e-02,3.646171170491674940e-01
6.483797593318925412e-02,8.240336810836290660e-02,6.020649341408966515e-02,9.126388555368784850e-02,1.033534334783034053e-01,1.034395928386563079e-01,8.669688358814268969e-02,8.433667298131397594e-02,3.234616941042539606e-01
6.504063961606047772e-02,7.857302124090187467e-02,6.001842187690788200e-02,8.930894071553330260e-02,1.062416716658791810e-01,1.003673757585088339e-01,8.167474504016181136e-02,8.085717471053231742e-02,3.379180093755143055e-01
6.389171559034573233e-02,8.538899760817568463e-02,5.761295933898673283e-02,9.361295933898673705e-02,1.040578386605783834e-01,1.102761469884757511e-01,9.017525549032398557e-02,8.754381387258099168e-02,3.074403131115460153e-01
6.407808990101838964e-02,8.189041378598699294e-02,5.996880531500281553e-02,9.409245691879063178e-02,1.101950263130739849e-01,1.084574902963098136e-01,8.796543978155782484e-02,8.406015097275029713e-02,3.092921267155092080e-01
6.343388082568655884e-02,8.714436335480470197e-02,5.955626760679395837e-02,9.705256091332926938e-02,1.119421426335645148e-01,1.151576992141809808e-01,9.221635557898552604e-02,8.872073771437043177e-02,2.847759921582840303e-01
5.935009858790962073e-02,7.614632782161429025e-02,5.463369075138028996e-02,8.854887564943532408e-02,1.057743251359639924e-01,1.051740067754850655e-01,8.202708778040915250e-02,7.881811327166721171e-02,3.495274742261350598e-01
6.262816760010940509e-02,7.594496660365607221e-02,5.560400646288727461e-02,8.305370325418016952e-02,9.759629800896060803e-02,9.509912359997320375e-02,7.818402093957903254e-02,7.806484635265352467e-02,3.738248671780006749e-01
6.950409036138578689e-02,8.834016719943436902e-02,5.880548003863810685e-02,8.688221352532887742e-02,9.145959678945220217e-02,9.894728587219550620e-02,8.850572351845766017e-02,9.053254364213943195e-02,3.270228990529680524e-01
4.392290303069213558e-02,7.467895974057717212e-02,5.031667562121473064e-02,1.089560123313700890e-01,1.312303098498902310e-01,1.365303885823317132e-01,9.766567885048382802e-02,7.848098200417429060e-02,2.782180899892657822e-01
5.304283031687109101e-02,8.073800317190017728e-02,4.938915310651959684e-02,1.011127744848561577e-01,1.103308073462058447e-01,1.367724900962684342e-01,9.143857560226961723e-02,8.864504194891133226e-02,2.885303239261977626e-01
4.410766923809360945e-02,6.186876029853639880e-02,4.529474482436184751e-02,8.027156777220920136e-02,9.543671495931900506e-02,9.580218827862636843e-02,7.233691964718426404e-02,6.383011477344645301e-02,4.410513202082228523e-01
6.084901173123240942e-02,8.178351054859618607e-02,5.890263466270004300e-02,9.485304609903011386e-02,1.088738795224484662e-01,1.114407622490411337e-01,9.035870415933373867e-02,8.411635237802847498e-02,3.088220986495894271e-01
6.489643627284076566e-02,8.370587901486778448e-02,6.205595278628986411e-02,9.558421291567359424e-02,1.087308478038815085e-01,1.090665077743729477e-01,9.039893315174214738e-02,8.594427420270116247e-02,2.996169560776302254e-01
6.002059672483065628e-02,7.666695676138259030e-02,5.567570311706772357e-02,8.725904007658499828e-02,1.053877841115124087e-01,1.018181686320583645e-01,8.116922675253469832e-02,7.858158188648593778e-02,3.534209419375425876e-01
5.185142941629967278e-02,7.422298260621613963e-02,5.148010856593691204e-02,9.500976882214406949e-02,1.144158244357845189e-01,1.194314017467710126e-01,8.708551151664924161e-02,7.746475303361530229e-02,3.290382198565831029e-01
5.673363995804082960e-02,7.664464962939908366e-02,5.569388249126810964e-02,9.169980749501446815e-02,1.098350451291627700e-01,1.104938271604938294e-01,8.586817443026593943e-02,7.906076010651173769e-02,3.339702135998432464e-01
5.889713733595746542e-02,7.932988572950033790e-02,5.592062825443096935e-02,9.270787870802693620e-02,1.070585982855307705e-01,1.095924910310147049e-01,8.767234588030556330e-02,8.166271399985176871e-02,3.271583207753814837e-01
5.655021484886769284e-02,7.728654429774005352e-02,5.756756391031089826e-02,9.816987884073874460e-02,1.198196081422369663e-01,1.170258962697611205e-01,8.892885568528362261e-02,8.009440310396027940e-02,3.045570349011006428e-01
6.196418325065160965e-02,8.219738594474193527e-02,5.706441763905033271e-02,8.981659690065277313e-02,9.746227447791942777e-02,1.039042501159238019e-01,8.752141149667684583e-02,8.455238591298198936e-02,3.355170942614013052e-01
